//Level 84 Uncommon
//Mage 
"set300" "17615 17616 17617 17618 17619 17620 17621 17622 17623 17624 17625 17626 17627"
//Warlock
"set301" "17628 17629 17630 17631 17632 17633 17634 17635 17636 17637 17638 17639 17640"
//Priest
"set302" "17641 17642 17643 17644 17645 17646 17647 17648 17649 17650 17651 17652 17653"

//Level 84 Rare
//Mage
"set303" "17655 17656 17657 17658 17659 17660 17661 17662 17663 17664 17665 17666 17667"
//Warlock 
"set304" "17668 17669 17670 17671 17672 17673 17674 17675 17676 17677 17678 17679 17680"
//Priest
"set305" "17681 17682 17683 17684 17685 17686 17687 17688 17689 17690 17691 17692 17693"

//Level 85 Epic Non-recipies
//Mage
"set306" "17780 17781 17782 17783 17784 17785 17786 17787 17788 17789 17790 17791 17792"
//Warlock
"set307" "17793 17794 17795 17796 17797 17798 17799 17800 17801 17802 17803 17804 17805"
//Priest
"set308" "17806 17807 17808 17809 17810 17811 17812 17813 17814 17815 17816 17817 17818"

//Level 85 Epic recipies
//Mage
"set309" "18012 18013 18014 18015 18016 18017"
//Warlock 
"set310" "18018 18019 18020 18021 18022 18023"
//Priest
"set311" "18024 18025 18026 18027 18028 18029"

//84 Greens
"set350"	"16296 16297 16298 16299 16300 16301 16302 16303 16304 16305 16306 16307 16308 16581"
"set351"	"16283 16284 16285 16286 16287 16288 16289 16290 16291 16292 16293 16294 16295"
"set352"	"16269 16270 16271 16272 16273 16274 16275 16276 16277 16278 16279 16280 16281 16282"
"set353"	"16242 16243 16244 16245 16246 16247 16248 16249 16250 16251 16252 16253 16254 16255"
"set354"	"16256 16257 16258 16259 16260 16261 16262 16263 16264 16265 16266 16267 16268"
"set355"	"16309 16310 16311 16312 16313 16314 16315 16316 16317 16318 16319 16320 16321 16322"

//84 Rares
"set356"	"16323 16324 16325 16326 16327 16328 16329 16330 16331 16332 16333 16334 16335 16582"
"set357"	"16336 16337 16338 16339 16340 16341 16342 16343 16344 16345 16346 16347 16348 16349"
"set358"	"16350 16351 16352 16353 16354 16355 16356 16357 16358 16359 16360 16361 16362"
"set359"	"16363 16364 16365 16366 16367 16368 16369 16370 16371 16372 16373 16374 16375 16376"
"set360"	"16377 16378 16379 16380 16381 16382 16383 16384 16385 16386 16387 16388 16389"
"set361"	"16309 16310 16311 16312 16313 16314 16315 16316 16317 16318 16319 16320 16321 16322"

//85 Epics (Non recipes)
"set362"	"16497 16498 16499 16500 16501 16502 16503 16504 16505 16506 16507 16508 16509 16579"
"set363"	"16510 16511 16512 16513 16514 16515 16516 16517 16518 16519 16520 16521 16522 16523"
"set364"	"16524 16525 16526 16527 16528 16529 16530 16531 16532 16533 16534 16535 16536 16537"
"set365"	"16538 16539 16540 16541 16542 16543 16544 16545 16546 16547 16548 16549 16550"
"set366"	"16551 16552 16553 16554 16555 16556 16557 16558 16559 16560 16561 16562 16563 16564"
"set367"	"16565 16566 16567 16568 16569 16570 16571 16572 16573 16574 16575 16576 16577 16579"

//85 Epics (Recipes)
"set368"	"16988 16989 16990 16991 16992 16993 17189"
"set369"	"16968 16969 16970 16971 16972 16973 16974"
"set370"	"16982 16983 16984 16985 16986 16987"
"set371"	"16975 16976 16977 16978 16979 16980 16981"
"set372"	"16994 16995 16996 16997 16998 16999"
"set373"	"17000 17001 17002 17003 17004 17005 17006"
